4335002806
4345017563
5337013166
4344008697
4345018230
4345016963
4345002412
4344012754
4335003672
4335002886
4345012017
4345008500
5337015829
4345009740
4345019430
4344004871
4352003093
4335002722
4351006153
4343002819
4344001118
4345004732
4352002355
4335001349
4345010815
4351007727
4352007264
4352001205
4345012743
4335000805
4323008287
4345017273
4345016617
4345012455
4345016013
4343005282
4335003100
4345015191
4345001904
4345019489
4345016519
4345002472
4352003070
4345013376
5337015830
4345013211
4345010108
5337015396
4344013581
5337016200
4344011924
4345013687
5337013739
4345005994
4335003497
4352007245
4345007937
5316015282
4345017032
4352000589
5337013717
5337015778
4345013849
4344012941
4345017645
4352006810
4345018842
5337015026
4345011604
4345018021
4345015475
4352001015
4345011999
4351006198
4345019043
4352000522
5337014266
4335003218
4323010251
5337015815
5337014235
4345013381
4345005216
4345017983
4345011506
4345006000
4345014519
4351006063
4345015254
5337016159
4351007549
4344012713
4352000648
4344012350
4345018072
4323005807
4344004460
4344009274
5316013769
4345016551
5337016087
4345018941
5337014743
4352005863
4344003838
4323005740
4352002262
4345019112
4345018297
4352000880
4345018323
4323006175
4345009706
4345009403
4335002666
4345015315
4345018805
4344005362
4323014499
4352007362
4345008851
4345000962
4323006214
4345018728
4345016093
4345005832
4345012596
4335001796
4344012255
4345005384
4345016635
4352001989
4323014502
4351007762
4345016135
4345019656
4345017187
4352003073
4351009756
4351008002
4345015082
4335001934
4345005938
4323007619
4345013171
4345019670
4351007618
4345014045
4335002386
4344000390
4345010063
5337015520
4335001492
5337013757
4345016107
4345018044
4323006065
4344013648
4323014419
5337008545
4335003262
4335000406
4344012260
4345013480
4351004117
4345017890
5337016201
4335001119
4345019485
4323013548
4345016507
4343005388
4345012165
4351006314
4345013701
4344013255
4345017758
4345007924
4351006142
4345018041
4344008207
4345017589
4345016147
4344002804
4344005305
4335001307
4344008990
5337011646
4345010789
4344008195
4343004462
4345019467
4351007354
4345015142
4311024955
4345017139
4345018102
5337015015
4345007377
4345000972
4345019620
4352004443
4354002496
4344005254
4344005278
4344013625
5337016140
5337012468
4345013312
4344004423
4323010422
5337013763
4345010783
4345017568
4352005692
4345015100
4345017133
4344004807
4335001917
4352002879
4344004499
4352002992
4345010223
4352005056
4345000723
4344012456
4345008224
4344012122
4344012029
4345013999
4344013048
4344004256
4344000566
4345017812
4345010161
4345018948
4345006839
4344008829
5337016237
4345017900
4345018184
4345012685
4344000115
4323009408
4345018334
4352006166
4352001170
4345012790
4352006139
4351009570
4345018838
4345013966
4345015271
4351007817
4345014722
4335001807
4344009282
4344004479
4345005473
4345013580
4352002433
4345010798
4345017170
4345011416
4344009304
4345019103
4345009327
4345019150
5337015851
5337015619
4345016552
4345018091
4323014430
4345011342
4345010116
4344009284
4344012241
5337015146
4345005989
4345018018
4352003009
4335000178
4344002752
4352007342
4345019687
4323005143
4352003392
4304064164
5337013086
4345007878
4345018871
4345005737
5337015618
4345017031
4345012124
4345001932
4345018308
4345008846
4343005382
4352001719
5337014164
4345018902
4345018946
4345018306
4344002580
4345011010
4345015537
4345010729
4345014209
4323010229
4345019258
4345011868
4345019290
4323006654
4345017606
4345006123
5337013659
4335000143
4343002878
4345002106
4345019172
4344003507
4345019607
4344012193
4344004221
4344008991
4335003388
4335001378
5337012873
5337015532
4344008161
4352006769
4352006369
4352005725
4352007014
5337008546
4351007403
4345016900
4351007654
4345004543
4344004942
4344012156
4345011372
4345018236
5337011990
4345019068
5337015519
4345019492
4344009315
5337013854
4345007960
4335001299
4345017203
4344012454
4345017863
4345012712
4345002242
5337014686
4335001551
4345007820
4345008469
4352000647
4345009539
4345017087
4344002390
4351003931
5337015623
4335003158
4351007560
4344003100
5337015824
4345001358
4345012962
4345016581
4351006104
5337014528
4345018153
4352003050
4323010448
4352005430
4345019352
4345015851
4345012403
4351008053
4345013883
4352005425
4343002924
4345018053
4345014289
4351009618
5337016034
4345014692
4345009633
4345013644
4345007731
4345016716
4352007505
4352007451
4352007541
4352007409
4352007578
4345019908
4345019731
4345019882
4345019878
4345020056
