3
4
5
6
9
11
16
27
28
29
41
43
48
50
52
56
57
65
66
71
72
83
85
93
95
96
105
110
112
117
118
121
125
130
134
137
139
141
142
144
146
147
150
155
157
158
167
170
177
178
180
181
183
185
187
188
189
193
196
197
198
200
202
204
206
210
211
212
215
216
218
221
222
223
227
228
229
232
234
241
242
243
246
247
260
264
273
274
275
277
278
280
281
285
286
287
293
295
298
299
300
305
310
316
317
320
324
327
328
334
335
341
343
345
349
350
354
355
356
357
360
361
364
367
375
376
378
380
393
394
396
398
399
400
401
402
403
404
405
406
407
